199
349
219
209
155
205
011
329
029
033
305
065
081
142
143
177
057
167
000
188
273
274
110
023
100
026
214
357
244
067
130
008
328
246
276
096
354
016
364
001
131
308
265
275
238
320
082
217
227
285
207
288
311
291
358
290
225
139
282
235
366
062
332
034
228
237
231
259
031
322
203
022
162
196
069
352
278
262
135
186
350
018
064
215
115
149
047
345
092
298
043
098
102
014
359
340
144
247
337
111
156
304
256
176
099
125
255
326
163
356
252
221
184
269
146
232
362
124
327
272
338
224
145
040
336
118
127
189
093
046
050
302
236
249
240
039
253
120
129
066
185
012
107
286
266
241
314
095
295
239
187
195
206
293
037
334
169
300
270
283
365
346
054
202
128
151
147
005
193
294
190
303
333
076
343
150
116
075
028
179
323
103
248
159
200
233
101
313
183
201
264
077
360
287
088
335
213
083
106
058
367
052
027
245
091
002
042
216
250
049
229
344
080
306
220
261
223
122
315
045
007
021
181
363
355
132
208
157
211
051
168
297
044
090
087
263
257
030
154
171
347
310
013
032
307
260
010
138
112
284
351
141
173
254
289
158
104
071
109
017
070
194
113
056
140
242
296
175
312
170
301
258
153
280
267
318
212
003
059
319
048
086
025
133
161
210
063
160
172
097
061
060
134
004
243
053
055
121
024
204
317
036
251
222
072
166
339
331
068
078
165
348
330
197
292
353
126
234
192
279
009
035
148
271
084
105
079
198
191
218
180
